0 0.10390625 0.14609375 0.04921875 0.03671875
0 0.10546875 0.28359375 0.05 0.028125
0 0.10859375 0.34453125 0.05703125 0.0328125
0 0.253125 0.45546875 0.07109375 0.03203125
0 0.28515625 0.49453125 0.06328125 0.02734375
0 0.10078125 0.49375 0.07890625 0.0359375
0 0.109375 0.559375 0.06015625 0.03359375
0 0.29140625 0.5609375 0.10703125 0.03203125
0 0.24921875 0.66484375 0.09453125 0.0609375
0 0.25 0.7421875 0.09140625 0.05078125
0 0.0859375 0.82890625 0.071875 0.0375
0 0.090625 0.90859375 0.06328125 0.03203125
0 0.259375 0.92890625 0.121875 0.03125